"wmin","Conservatives","Labour","Liberal.Democrats","SNP","Plaid.Cymru","Greens","UKIP","Other","refno","casName","YouGovName","casNameScotland"
"Aberavon Co Const",8.57433470316423,41.6647124456736,1.86683028464236,0,13.9555006889875,3.19432202471725,26.4490484889083,4.29525336338749,1,"Aberavon","Aberavon",NA
"Aberconwy Co Const",25.4716117814016,17.5787130624954,3.09758040920903,0,17.3160805349836,3.71502515281081,30.2285527670049,2.59243529207843,2,"Aberconwy","Aberconwy",NA
"Aberdeen North Burgh Const",18.8441100473193,23.8236818916271,8.833177041075,29.5628490137013,0,7.14134998867037,9.63880801650976,2.15602400109716,3,NA,"Aberdeen North","Aberdeen North"
"Aberdeen South Burgh Const",18.84411,23.823682,8.833177,29.562849,0,7.14135,9.638808,2.156024,4,NA,"Aberdeen South","Aberdeen South"
"Airdrie and Shotts Co Const",8.50988801666815,40.0572309744564,1.64502900570971,30.8481699989464,0,5.1662650028559,10.7455490024208,3.02786799894263,6,NA,"Airdrie and Shotts","Airdrie and Shotts"
"Aldershot Boro Const",32.157065101552,13.9021623623519,7.59944222411427,0,0,7.49385325771839,32.5803707334021,6.2671065839327,7,"Aldershot","Aldershot",NA
"Aldridge-Brownhills Boro Const",21.4942159971182,31.0487249576406,2.84699700388092,0,0,2.83327999968268,33.5863320488698,8.19044999280786,8,"Aldridge-Brownhills","Aldridge-Brownhills",NA
"Altrincham and Sale West Boro Const",28.0812784264118,31.0502012197499,6.29708210990093,0,0,8.34810446616091,21.1859847936434,5.0373489841332,9,"Altrincham and Sale West","Altrincham and Sale West",NA
"Alyn and Deeside Co Const",20.9194959409576,28.0875784505238,3.30815089194774,0,8.17976653927688,3.57176268159799,32.7472430603993,3.18600243488088,10,"Alyn and Deeside","Alyn and Deeside",NA
"Amber Valley Co Const",26.8739739798897,26.0312070074418,3.66589701373662,0,0,5.51553400988193,32.2365309996082,5.67685598944172,11,"Amber Valley","Amber Valley",NA
"Angus Co Const",25.7687164146129,12.8877743293357,5.08261608383239,37.774042075871,0,5.38358954788611,10.9450363181983,2.15822523026538,12,NA,"Angus","Angus"
"Arfon Co Const",12.1227655011278,15.0133162223126,2.32737780291229,0,43.4692077963931,4.82546708000724,19.753905112917,2.48795848439207,16,"Arfon","Arfon",NA
"Argyll and Bute Co Const",18.9293659861062,13.4740910481047,18.8673739622627,28.4141050055316,0,6.97225000127036,11.0491189969236,2.29369499980078,17,NA,"Argyll and Bute","Argyll and Bute"
"Arundel and South Downs Co Const",34.8284851822525,8.96948380152129,7.62076384484218,0,0,8.79848213785469,35.1038434101453,4.67894192724336,18,"Arundel and South Downs","Arundel and South Downs",NA
"Ashfield Co Const",16.5513056859718,28.9528955056785,7.26011350132798,0,0,4.17450003878475,36.585254947922,6.47593058599146,19,"Ashfield","Ashfield",NA
"Ashford Co Const",30.2302620150091,12.4207779963199,5.55750200726412,0,0,7.5575660020735,38.8929579799793,5.34093399935399,20,"Ashford","Ashford",NA
"Ashton-under-Lyne Boro Const",14.981480197252,37.8601047052016,3.70944446242247,0,0,5.65815961992603,31.000812692122,6.78999832307598,21,"Ashton-under-Lyne","Ashton-under-Lyne",NA
"Aylesbury Co Const",33.9063376652819,12.9847361681691,7.74028490500795,0,0,8.23160551181316,32.5399221582147,4.59711413641172,22,"Aylesbury","Aylesbury",NA
"Ayr, Carrick and Cumnock Co Const",24.743296751854,26.0807454664621,2.74502087351885,29.2802806714702,0,4.74204805768776,10.1455529127113,2.26305461381606,23,NA,"Ayr, Carrick and Cumnock","Ayr Carrick and Cumnock"
"Banbury Co Const",32.2693399816265,17.2182067113315,7.25718378870721,0,0,8.73488963446288,28.7565138757882,5.76386600802285,26,"Banbury","Banbury",NA
"Banff and Buchan Co Const",24.828524,10.1179,14.027879,31.295635,0,5.708506,11.726776,2.294781,27,NA,"Banff and Buchan","Banff and Buchan"
"Barking Boro Const",8.22159503088641,49.3317750332998,1.30998600219533,0,0,2.94416000617173,28.1382319270027,10.0542510004441,28,"Barking","Barking",NA
"Barnsley Central Boro Const",10.7980744011786,36.6646532921148,2.15231068359919,0,0,5.07904159783385,35.8568917072926,9.44902831823787,29,"Barnsley Central","Barnsley Central",NA
"Barnsley East Co Const",10.7975551928435,36.6642622017459,2.15224121477118,0,0,5.07869162024479,35.8583749464837,9.44887482404485,30,"Barnsley East","Barnsley East",NA
"Barrow and Furness Co Const",24.3247060856829,17.6050561185036,22.0310330045126,0,0,7.57684038048025,24.4712013218398,3.99116342467047,31,"Barrow and Furness","Barrow and Furness",NA
"Basildon and Billericay Boro Const",24.1581810151262,17.2886569878633,2.91972500934093,0,0,4.81174500263994,44.8164809871755,6.00520899785412,32,"Basildon and Billericay","Basildon and Billericay",NA
"Basingstoke Boro Const",33.330503,15.107196,8.02802,0,0,7.940989,29.651879,5.941413,34,"Basingstoke","Basingstoke",NA
"Bassetlaw Co Const",21.2734767136245,33.4423337908851,3.05170348405259,0,0,3.49296093447412,33.1682471083566,5.5712769688551,35,"Bassetlaw","Bassetlaw",NA
"Bath Boro Const",27.258311,15.047476,14.086071,0,0,16.274506,24.80425,2.529388,36,"Bath","Bath",NA
"Batley and Spen Boro Const",19.1897651748184,33.7558514865719,5.32101510222409,0,0,8.45994302901293,26.9019412383939,6.37148296981843,37,"Batley and Spen","Batley and Spen",NA
"Battersea Boro Const",34.7193709632661,30.8910253009761,7.19671295050723,0,0,9.95806323336198,10.9498019361385,6.28502561574904,38,"Battersea","Battersea",NA
"Beaconsfield Co Const",39.4579365767699,9.98126919435929,5.93341871042455,0,0,6.09046389783245,34.2591396152129,4.27777140227996,39,"Beaconsfield","Beaconsfield",NA
"Beckenham Boro Const",32.3640198201948,15.7887668832656,5.73751206951363,0,0,8.03463592819283,31.1074766197806,6.96758867905252,40,"Beckenham","Beckenham",NA
"Bedford Boro Const",28.216504,23.669033,8.049887,0,0,6.990042,28.270729,4.803805,41,"Bedford","Bedford",NA
"Bermondsey and Old Southwark Boro Const",12.5172702684486,43.2072751994423,12.5418842439753,0,0,13.2804494636476,10.9895361952835,7.46358262920325,49,"Bermondsey and Old Southwark","Bermondsey and Old Southwark",NA
"Berwickshire, Roxburgh and Selkirk Co Const",30.4674609979861,10.274977020283,16.6972199812938,20.6996640011747,0,7.51298499819837,12.398411000507,1.94928100055708,51,NA,"Berwickshire, Roxburgh and Selkirk","Berwickshire Roxburgh and Selkirk"
"Berwick-upon-Tweed Co Const",25.38736,27.697503,9.664883,0,0,5.597604,27.376402,4.276249,50,"Berwick-upon-Tweed","Berwick-upon-Tweed",NA
"Bethnal Green and Bow Boro Const",12.0270289596744,54.1858346674637,4.21263948030888,0,0,10.8202138737587,9.80039971494948,8.95388330384513,52,"Bethnal Green and Bow","Bethnal Green and Bow",NA
"Beverley and Holderness Co Const",29.0364179864648,15.2985160107458,5.86620600388708,0,0,6.73347699990142,37.9611439985708,5.10423700043013,53,"Beverley and Holderness","Beverley and Holderness",NA
"Bexhill and Battle Co Const",32.1507871369591,9.99066901163654,6.44475656325401,0,0,8.06870319944557,38.5601108441775,4.78497455543348,54,"Bexhill and Battle","Bexhill and Battle",NA
"Bexleyheath and Crayford Boro Const",25.760352,20.728472,2.333455,0,0,4.448516,37.584463,9.144741,55,"Bexleyheath and Crayford","Bexleyheath and Crayford",NA
"Birkenhead Boro Const",21.504962,35.010598,4.067107,0,0,8.231766,26.232055,4.953511,56,"Birkenhead","Birkenhead",NA
"Birmingham, Edgbaston Boro Const",16.9815204963777,40.4779159464944,8.57145764494114,0,0,5.50640340094174,22.4822787434758,5.98042476760241,57,"Birmingham, Edgbaston","Birmingham, Edgbaston",NA
"Birmingham, Erdington Boro Const",16.9832280087388,40.4756074473429,8.57261213984527,0,0,5.50686882321221,22.4815649786599,5.98011960214115,58,"Birmingham, Erdington","Birmingham, Erdington",NA
"Birmingham, Hall Green Boro Const",16.9827362986139,40.4765555158025,8.57259802607239,0,0,5.50682039920644,22.4812159448891,5.98007481539085,59,"Birmingham, Hall Green","Birmingham, Hall Green",NA
"Birmingham, Hodge Hill Boro Const",16.9875343477071,40.467304376192,8.57273574659465,0,0,5.50729291491279,22.484621775038,5.98051183918971,60,"Birmingham, Hodge Hill","Birmingham, Hodge Hill",NA
"Birmingham, Ladywood Boro Const",16.9809034785788,40.4784557981866,8.57071628452587,0,0,5.50614757372598,22.4830971933733,5.98068067132872,61,"Birmingham, Ladywood","Birmingham, Ladywood",NA
"Birmingham, Northfield Boro Const",16.9823879645166,40.477227541839,8.5725877523008,0,0,5.50678597907523,22.4809687827397,5.9800429795287,62,"Birmingham, Northfield","Birmingham, Northfield",NA
"Birmingham, Perry Barr Boro Const",16.9808853417802,40.4774094981502,8.56856649486015,0,0,5.50528007642342,22.4863981207341,5.98146146742244,63,"Birmingham, Perry Barr","Birmingham, Perry Barr",NA
"Birmingham, Selly Oak Boro Const",16.9836127626901,40.474865601553,8.57262318360787,0,0,5.5069067140886,22.48183809104,5.98015464693335,64,"Birmingham, Selly Oak","Birmingham, Selly Oak",NA
"Birmingham, Yardley Boro Const",16.9880447532913,40.4663202609347,8.57275039699156,0,0,5.50734318006233,22.4849840795274,5.9805583287906,65,"Birmingham, Yardley","Birmingham, Yardley",NA
"Bishop Auckland Co Const",15.5077342535219,39.4157342348523,5.23511814471954,0,0,5.54589654342274,28.1497356331248,6.14578119033389,66,"Bishop Auckland","Bishop Auckland",NA
"Blackburn Boro Const",18.27860913453,45.9403557090108,2.80600505568762,0,0,3.8834700288224,23.6557220827473,5.43583698920188,67,"Blackburn","Blackburn",NA
"Blackley and Broughton Boro Const",9.75931849929619,48.4018049935228,6.05535449747677,0,0,11.2883302147782,18.8340522796717,5.66114030882743,68,"Blackley and Broughton","Blackley and Broughton",NA
"Blackpool North and Cleveleys Boro Const",25.7507958408026,25.3471375399036,2.47098935988537,0,0,4.98080732184218,34.1412474016236,7.30902218389006,69,"Blackpool North and Cleveleys","Blackpool North and Cleveleys",NA
"Blackpool South Boro Const",22.391803,28.270378,2.492736,0,0,4.682673,33.882857,8.279553,70,"Blackpool South","Blackpool South",NA
"Blaenau Gwent Co Const",6.21215284232999,46.5217443657408,1.34330507236001,0,8.18197916456532,2.32739979036452,30.2209681341787,5.19244863233851,71,"Blaenau Gwent","Blaenau Gwent",NA
"Blaydon Boro Const",18.4577099170196,38.3402346820704,4.63780921659693,0,0,4.30722657138841,29.3302562726989,4.92676434020997,72,"Blaydon","Blaydon",NA
"Blyth Valley Boro Const",25.3873598284999,27.6975033484995,9.66488281244582,0,0,5.59760399311035,27.3764019656532,4.2762490517913,73,"Blyth Valley","Blyth Valley",NA
"Bognor Regis and Littlehampton Co Const",30.516622,9.451967,5.244747,0,0,6.834353,42.626657,5.325655,74,"Bognor Regis and Littlehampton","Bognor Regis and Littlehampton",NA
"Bolsover Co Const",13.8085468522676,30.1162197760734,2.35392225328278,0,0,3.66394846027569,44.6711471739944,5.38621619224957,75,"Bolsover","Bolsover",NA
"Bolton North East Boro Const",18.9810969840733,35.4897722369342,3.17367899166415,0,0,4.83119897851322,31.8518208141792,5.67243199463595,76,"Bolton North East","Bolton North East",NA
"Bolton South East Boro Const",18.98109672201,35.4897721079525,3.17367896198756,0,0,4.83119917614957,31.8518208562409,5.67243217565953,77,"Bolton South East","Bolton South East",NA
"Bolton West Co Const",18.6264772768757,35.762961434966,3.09618140627742,0,0,4.8477831810882,31.8556249924187,5.81097177445189,78,"Bolton West","Bolton West",NA
"Bootle Boro Const",16.927137366659,34.0558381576524,9.01225002830803,0,0,6.78936025640307,28.3324929146798,4.88292027664597,79,"Bootle","Bootle",NA
"Boston and Skegness Co Const",26.5676336179371,11.7732523448446,4.69757538296443,0,0,3.64597540275117,47.9808369977138,5.33472625378892,80,"Boston and Skegness","Boston and Skegness",NA
"Bosworth Co Const",28.2384560174316,13.9075041073532,11.2784448461799,0,0,4.62478801851334,37.1308639913122,4.81994301920983,81,"Bosworth","Bosworth",NA
"Bournemouth East Boro Const",28.5858416287332,12.2096395757761,6.92072884031209,0,0,10.3710056770508,37.6453383243328,4.26744695379484,82,"Bournemouth East","Bournemouth East",NA
"Bournemouth West Boro Const",28.767440842732,11.7232928831613,7.70306422644437,0,0,9.8356886757619,37.8484575608626,4.12205681103783,83,"Bournemouth West","Bournemouth West",NA
"Bracknell Co Const",34.9906415134438,13.93394627583,8.08129763626719,0,0,7.71869997462929,29.9226773366869,5.3527372631427,84,"Bracknell","Bracknell",NA
"Bradford East Boro Const",16.5138086981748,39.4481086200963,6.97416587875412,0,0,6.82811209557495,24.7818091419021,5.45399556572326,85,"Bradford East","Bradford East",NA
"Bradford South Boro Const",16.5163378650046,39.4429710100978,6.97363258960351,0,0,6.82884133033399,24.7833860673696,5.4548311372765,86,"Bradford South","Bradford South",NA
"Bradford West Boro Const",16.513313,39.449634,6.974306,0,0,6.827552,24.781228,5.453967,87,"Bradford West","Bradford West",NA
"Braintree Co Const",29.5233010110841,14.7042329910513,3.89371101078581,0,0,8.30017400386796,39.100012984609,4.47856799860186,88,"Braintree","Braintree",NA
"Brecon and Radnorshire Co Const",27.015732752191,13.8962021108124,12.9381054076791,0,9.89340354501335,6.35400657682992,27.6991805262687,2.20336908091988,89,"Brecon and Radnorshire","Brecon and Radnorshire",NA
"Brent Central Boro Const",18.0389122219368,46.8071517649763,9.96304393954199,0,0,6.96040904392135,8.71443706100091,9.51604496862272,90,"Brent Central","Brent Central",NA
"Brentford and Isleworth Boro Const",21.9236399014116,41.2864878293035,3.86870443957483,0,0,6.58423475146305,17.0267536030384,9.3101784752089,92,"Brentford and Isleworth","Brentford and Isleworth",NA
"Brent North Boro Const",18.038912,46.807152,9.963044,0,0,6.960409,8.714437,9.516045,91,"Brent North","Brent North",NA
"Brentwood and Ongar Co Const",31.9907738716519,10.8661832791628,6.56619388851702,0,0,6.51061326963619,38.9135137661986,5.15272140831864,93,"Brentwood and Ongar","Brentwood and Ongar",NA
"Bridgend Co Const",15.189138700384,36.0553640889439,2.84519945667061,0,9.77818062562674,3.56342215869802,28.7356098132023,3.83308515662593,94,"Bridgend","Bridgend",NA
"Bridgwater and West Somerset Co Const",32.2026421651627,9.81243793347941,8.95954894872215,0,0,9.40535945804584,36.5153850168532,3.10462647773677,95,"Bridgwater and West Somerset","Bridgwater and West Somerset",NA
"Brigg and Goole Co Const",26.8961197479462,21.6784913797646,3.6464802770161,0,0,5.64227660691237,36.5598948116955,5.57673674154416,96,"Brigg and Goole","Brigg and Goole",NA
"Brighton, Kemptown Boro Const",21.6337174945933,23.4060076098654,7.23378903649184,0,0,21.6466516212872,22.1238592375601,3.95597600020224,97,"Brighton, Kemptown","Brighton, Kemptown",NA
"Brighton, Pavilion Boro Const",20.619944,26.938151,5.311358,0,0,24.525937,18.744804,3.859807,98,"Brighton, Pavilion","Brighton, Pavilion",NA
"Bristol East Boro Const",18.5544990741241,26.8290749100057,9.86056701077641,0,0,19.2674909045353,22.5942010953224,2.89416800523626,99,"Bristol East","Bristol East",NA
"Bristol North West Boro Const",18.5544990101292,26.8290749877021,9.86056700147262,0,0,19.2674909869546,22.594201013026,2.89416800071554,100,"Bristol North West","Bristol North West",NA
"Bristol South Boro Const",18.554499,26.829075,9.860567,0,0,19.267491,22.594201,2.894168,101,"Bristol South","Bristol South",NA
"Bristol West Boro Const",18.554499,26.829075,9.860567,0,0,19.267491,22.594201,2.894168,102,"Bristol West","Bristol West",NA
"Broadland Co Const",28.2229664544891,13.7444006414961,8.40469178786846,0,0,9.3833957285462,36.9369442117542,3.30760110090849,103,"Broadland","Broadland",NA
"Bromley and Chislehurst Boro Const",32.3640239949991,15.7887504732751,5.73751397828355,0,0,8.03463722820648,31.1074871762015,6.96758714903429,104,"Bromley and Chislehurst","Bromley and Chislehurst",NA
"Bromsgrove Co Const",33.1961219058776,15.965223081679,4.40871007729222,0,0,5.15503600954486,35.6389939086805,5.63591601692585,105,"Bromsgrove","Bromsgrove",NA
"Broxbourne Boro Const",31.6700838815207,15.6346245555197,3.48744675484779,0,0,4.93345422398992,38.6974757411263,5.57691384303215,106,"Broxbourne","Broxbourne",NA
"Broxtowe Co Const",24.1467240868903,26.5398199981536,6.42081888134526,0,0,7.7612138929785,30.9958151036166,4.13561003701562,107,"Broxtowe","Broxtowe",NA
"Buckingham Co Const",31.7693134122245,11.7587316902673,8.68262712874018,0,0,8.24081720048964,35.0469426614565,4.50156796285305,108,"Buckingham","Buckingham",NA
"Burnley Boro Const",12.803262040725,33.672651369302,13.8074666196892,0,0,3.82447529801537,28.733891807206,7.15825386505538,109,"Burnley","Burnley",NA
"Burton Co Const",29.490962824771,22.7618059054499,3.75448000544226,0,0,3.64989370114047,33.9423236080637,6.40053395513263,110,"Burton","Burton",NA
"Bury North Boro Const",23.3189881034911,33.4956086281531,4.15749791943742,0,0,5.99770200384927,27.5777462512948,5.45245709377424,111,"Bury North","Bury North",NA
"Bury South Boro Const",23.318988,33.495609,4.157498,0,0,5.997702,27.577746,5.452457,112,"Bury South","Bury South",NA
"Bury St. Edmunds Co Const",31.9297841953251,12.0045820816007,5.40144559333136,0,0,12.0340489106381,34.4620584039025,4.16808044838028,113,"Bury St Edmunds","Bury St Edmunds",NA
"Caerphilly Co Const",8.94253512302227,37.1097289543802,1.74790329897982,0,14.0392379363293,3.33579256665208,30.7450228700307,4.07977825083667,114,"Caerphilly","Caerphilly",NA
"Caithness, Sutherland and Easter Ross Co Const",13.945709,14.060798,18.704252,30.398821,0,8.616324,11.99687,2.277227,115,NA,"Caithness, Sutherland and Easter Ross","Caithness Sutherland and Easter Ross"
"Calder Valley Co Const",22.5671579614837,27.169428253689,6.24620598031037,0,0,8.22513963975969,28.3847690883006,7.40729807649095,116,"Calder Valley","Calder Valley",NA
"Camberwell and Peckham Boro Const",12.5172669293699,43.2072761884593,12.5418855380055,0,0,13.2804490814941,10.9895370929883,7.46358316968308,117,"Camberwell and Peckham","Camberwell and Peckham",NA
"Camborne and Redruth Co Const",25.651878,10.970332,12.139358,0,0,11.158138,36.705906,3.374388,118,"Camborne and Redruth","Camborne and Redruth",NA
"Cambridge Boro Const",15.875543,27.946137,21.226759,0,0,19.917964,12.372831,2.660766,119,"Cambridge","Cambridge",NA
"Cannock Chase Co Const",21.1849607670764,26.5030331729972,3.26346797707824,0,0,2.79922803744564,38.830667076049,7.41864396935332,124,"Cannock Chase","Cannock Chase",NA
"Canterbury Co Const",25.714505,15.355145,7.741425,0,0,12.244272,34.375399,4.569254,125,"Canterbury","Canterbury",NA
"Cardiff Central Boro Const",18.902921,30.891948,6.739657,0,10.766892,7.338985,22.700311,2.659284,126,"Cardiff Central","Cardiff Central",NA
"Cardiff North Boro Const",18.899069822309,30.8944489441865,6.73759204711423,0,10.7679052630843,7.33729538029767,22.7038347297228,2.65985181375685,127,"Cardiff North","Cardiff North",NA
"Cardiff South and Penarth Boro Const",21.4898301551168,28.5238716081898,5.64294506669121,0,10.6117460359928,6.63734342949318,24.4512112823929,2.64305073764975,128,"Cardiff South and Penarth","Cardiff South and Penarth",NA
"Cardiff West Boro Const",18.8998504725241,30.8936191051306,6.73765374222336,0,10.7696725548502,7.33731685053006,22.702099062148,2.65978621339479,129,"Cardiff West","Cardiff West",NA
"Carlisle Boro Const",28.253749,25.216342,4.41648,0,0,6.526461,29.581107,6.005861,130,"Carlisle","Carlisle",NA
"Carmarthen East and Dinefwr Co Const",13.2760984651527,23.4159839250521,1.89699365009119,0,30.3417232820904,3.75113424023169,24.7387402266352,2.57932821045831,131,"Carmarthen East and Dinefwr","Carmarthen East and Dinefwr",NA
"Carmarthen West and South Pembrokeshire Co Const",20.0389645158292,22.5045333708179,2.26499931272927,0,22.4108680895551,4.08220657763668,26.1694470865222,2.52898175206603,132,"Carmarthen West and South Pembrokeshire","Carmarthen West and South Pembrokeshire",NA
"Carshalton and Wallington Boro Const",24.5960170015673,13.2164151154533,20.1019709337342,0,0,6.09170800755562,27.1453009453598,8.84858599632978,133,"Carshalton and Wallington","Carshalton and Wallington",NA
"Castle Point Boro Const",25.8206552112629,12.5518933985994,1.84045795893393,0,0,4.82540240822853,47.7549521050431,7.20663691794103,134,"Castle Point","Castle Point",NA
"Central Ayrshire Co Const",26.4238302102669,24.2288987806934,2.8816775725891,28.6723642401102,0,4.94734676550712,10.574698151981,2.27118386969484,24,NA,"Central Ayrshire","Central Ayrshire"
"Central Devon Co Const",32.0982197526073,9.24680051394947,9.69961424258065,0,0,12.4243539960611,33.574630818749,2.95638069692381,188,"Central Devon","Central Devon",NA
"Central Suffolk and North Ipswich Co Const",32.6024019065245,12.2538855730879,6.02230811665697,0,0,12.1368896318972,32.9917607465962,3.99275335212082,547,"Central Suffolk and North Ipswich","Central Suffolk and North Ipswich",NA
"Ceredigion Co Const",13.1779465161259,10.3059801991912,11.3892262522016,0,34.8651385988156,8.03880155553549,20.2106621561094,2.01224272229441,135,"Ceredigion","Ceredigion",NA
"Charnwood Co Const",30.2400111980561,22.2926455780281,5.06822042952064,0,0,6.44522635524482,31.5962153193384,4.35768198540839,136,"Charnwood","Charnwood",NA
"Chatham and Aylesford Co Const",33.6894240267259,12.7325702459932,7.560680814584,0,0,7.82863252085588,32.7975453874054,5.39114677312106,137,"Chatham and Aylesford","Chatham and Aylesford",NA
"Cheadle Boro Const",25.5531865389193,26.727267674873,17.8028115986511,0,0,8.8855600955977,15.3754181170377,5.65575697492119,138,"Cheadle","Cheadle",NA
"Chelmsford Boro Const",31.445474,12.118224,8.690269,0,0,7.250298,36.836192,3.659543,139,"Chelmsford","Chelmsford",NA
"Chelsea and Fulham Boro Const",35.1104642530621,28.9296538510116,6.52335665977022,0,0,8.99781935778597,13.1819235421916,7.25678321056121,140,"Chelsea and Fulham","Chelsea and Fulham",NA
"Cheltenham Boro Const",30.5728842817458,9.35141904055559,21.6124124817113,0,0,10.7411624475869,24.8564660876999,2.86565566159297,141,"Cheltenham","Cheltenham",NA
"Chesham and Amersham Co Const",37.3352540456636,8.49471487145453,8.16434009982789,0,0,9.35929313402359,32.6995383394035,3.94685950962759,142,"Chesham and Amersham","Chesham and Amersham",NA
"Chesterfield Boro Const",12.8502221219938,36.89140079332,9.85062578209615,0,0,5.21598696635632,30.4279373198298,4.76382701640398,144,"Chesterfield","Chesterfield",NA
"Chichester Co Const",37.3817799918402,8.44773900273759,7.27011999878779,0,0,10.0402709973205,32.405882007232,4.45420700208188,145,"Chichester","Chichester",NA
"Chingford and Woodford Green Boro Const",16.5976353373707,42.36972440046,6.12217233914492,0,0,9.50598612225262,16.1194519944418,9.28502880633,146,"Chingford and Woodford Green","Chingford and Woodford Green",NA
"Chippenham Co Const",35.495221,9.935074,10.164269,0,0,9.787899,31.39042,3.227117,147,"Chippenham","Chippenham",NA
"Chipping Barnet Boro Const",34.4838714243146,30.7815936415329,4.72635097197357,0,0,7.87572822936698,15.0195037887371,7.11295094412294,148,"Chipping Barnet","Chipping Barnet",NA
"Chorley Co Const",26.1779176628142,31.6979323666985,2.83872715855934,0,0,5.25471749390855,29.1215767590873,4.90912955893215,149,"Chorley","Chorley",NA
"Christchurch Co Const",35.8622683570426,7.0796014128025,7.28005763116065,0,0,6.80660991553731,39.5096403898717,3.46182229358525,150,"Christchurch","Christchurch",NA
"Cities of London and Westminster Boro Const",33.2113612456234,29.9924599281385,7.77028447136166,0,0,8.81691559814885,13.6024114030099,6.60656717059447,151,"Cities of London and Westminster","Cities of London and Westminster",NA
"City of Chester Co Const",28.0917060002779,24.7942720818125,5.92426415184681,0,0.00068693338243483,7.29095651245266,29.8735976933104,4.02451662680947,143,"City of Chester","City of Chester",NA
"City of Durham Co Const",15.506189,39.417872,5.234619,0,0,5.545632,28.149794,6.145894,214,"City of Durham","City of Durham",NA
"Clacton Co Const",24.879107,13.063961,2.113764,0,0,6.490852,48.352361,5.099955,152,"Clacton","Clacton",NA
"Cleethorpes Co Const",23.7922348669365,23.1477269694609,3.77077233479173,0,0,5.09198019898463,38.6918273971398,5.50545773423646,153,"Cleethorpes","Cleethorpes",NA
"Clwyd South Co Const",20.6634296564099,25.7469361207905,3.45004385366896,0,12.7818321726324,3.64571836463211,30.4714212844849,3.24061726109707,154,"Clwyd South","Clwyd South",NA
"Clwyd West Co Const",25.1224980671891,19.9146148430309,2.96119529163794,0,16.855945213482,3.59653534628826,28.8547667386337,2.69444392956663,155,"Clwyd West","Clwyd West",NA
"Coatbridge, Chryston and Bellshill Burgh Const",8.50988762479119,40.0571722680702,1.64504504383164,30.8481497480108,0,5.16634684201247,10.7455368826043,3.0278615906672,156,NA,"Coatbridge, Chryston and Bellshill","Coatbridge Chryston and Bellshill"
"Colchester Boro Const",27.905544,14.778054,11.1116,0,0,9.998019,31.886705,4.320078,157,"Colchester","Colchester",NA
"Colne Valley Co Const",19.1891164151486,33.7562705384434,5.31995972609704,0,0,8.4595845248644,26.9029432552722,6.37212454028189,158,"Colne Valley","Colne Valley",NA
"Congleton Co Const",33.3628518718819,18.139897155645,6.41165498742142,0,0,7.5337209924717,30.173763997714,4.37811099486589,159,"Congleton","Congleton",NA
"Copeland Co Const",24.5860598417072,30.6313483499148,3.91793974873266,0,0,4.94872191813989,29.0669298864986,6.84900088951518,160,"Copeland","Copeland",NA
"Corby Co Const",30.9241595393801,18.973527020476,4.3003001374368,0,0,4.99586751427028,36.5585689411938,4.24757599216597,161,"Corby","Corby",NA
"Coventry North East Boro Const",17.7849558339822,37.9495825335721,3.43532464193315,0,0,6.1450326859303,26.4748786578715,8.21022464673903,165,"Coventry North East","Coventry North East",NA
"Coventry North West Boro Const",17.7887148240416,37.9425241138786,3.43691270634318,0,0,6.14526271512035,26.4766170268999,8.20996761401293,166,"Coventry North West","Coventry North West",NA
"Coventry South Boro Const",17.7884200856004,37.9439001566612,3.43677440983907,0,0,6.14544030319483,26.4756681959838,8.20979584907172,167,"Coventry South","Coventry South",NA
"Crawley Boro Const",24.830527,28.085137,3.586267,0,0,5.051389,32.116043,6.330636,168,"Crawley","Crawley",NA
"Crewe and Nantwich Co Const",33.3628519880163,18.1398970079687,6.41165499803102,0,0,7.5337209975341,30.1737640051968,4.37811100325312,169,"Crewe and Nantwich","Crewe and Nantwich",NA
"Croydon Central Boro Const",27.318886,33.20708,3.857217,0,0,6.990695,20.023135,8.602987,170,"Croydon Central","Croydon Central",NA
"Croydon North Boro Const",27.318885747088,33.2070781431793,3.85721850888404,0,0,6.99069491649814,20.023135661538,8.60298702281231,171,"Croydon North","Croydon North",NA
"Croydon South Boro Const",27.3212005302584,33.2009815821181,3.85824242185994,0,0,6.99100200542014,20.0262465868118,8.60232687378436,172,"Croydon South","Croydon South",NA
"Cumbernauld, Kilsyth and Kirkintilloch East Co Const",12.5394168112307,32.3666495149261,7.55700165506813,28.4568573756442,0,6.31458008196223,10.3798787544743,2.38561533753996,173,NA,"Cumbernauld, Kilsyth and Kirkintilloch East","Cumbernauld Kilsyth and Kirkintilloch East"
"Cynon Valley Co Const",7.55281204033931,38.0009848772808,2.0393241287155,0,18.9182138198382,3.21847311194957,26.149502305037,4.12068971665504,174,"Cynon Valley","Cynon Valley",NA
"Dagenham and Rainham Boro Const",18.6232920895858,28.0501552827484,1.70065971735464,0,0,3.8735856464413,37.8959536603393,9.85635386399759,175,"Dagenham and Rainham","Dagenham and Rainham",NA
"Darlington Boro Const",26.200043,28.265284,5.111255,0,0,4.890905,30.66321,4.869302,176,"Darlington","Darlington",NA
"Dartford Co Const",25.6984579287823,18.7441216493262,3.38827716578922,0,0,5.14124266812482,40.21664063358,6.81126095438441,177,"Dartford","Dartford",NA
"Daventry Co Const",37.1436682317314,13.2536521226312,4.80384682786655,0,0,5.84863048145725,34.5726175399114,4.37758297279198,178,"Daventry","Daventry",NA
"Delyn Co Const",20.9205792350271,28.0869644287327,3.30795670960052,0,8.18048369861746,3.5716954260899,32.7464340510476,3.18588645088464,179,"Delyn","Delyn",NA
"Denton and Reddish Boro Const",18.1504624402331,34.767432859137,5.98540756090036,0,0,6.83022262778689,27.561789882883,6.7046848806545,180,"Denton and Reddish","Denton and Reddish",NA
"Derby North Boro Const",20.578895,31.356269,8.177307,0,0,5.168707,29.811446,4.907376,181,"Derby North","Derby North",NA
"Derbyshire Dales Co Const",33.522903840838,18.4911794014854,6.5010950205415,0,0,9.15865528150605,28.4775354234169,3.84863090536427,183,"Derbyshire Dales","Derbyshire Dales",NA
"Derby South Boro Const",20.578896000751,31.3562681054241,8.1773064583494,0,0,5.16870691315066,29.8114465690439,4.90737595328088,182,"Derby South","Derby South",NA
"Devizes Co Const",35.4952210022393,9.93507399992417,10.164269000403,0,0,9.78789899873204,31.3904199978217,3.22711700087979,187,"Devizes","Devizes",NA
"Dewsbury Co Const",19.187460167457,33.7576335163735,5.31916443415167,0,0,8.45889917872321,26.9045958431462,6.37224586065006,193,"Dewsbury","Dewsbury",NA
"Doncaster Central Boro Const",14.097076,34.339475,2.703133,0,0,3.936826,35.058286,9.865205,195,"Doncaster Central","Doncaster Central",NA
"Doncaster North Co Const",14.0968426218045,34.339599556877,2.7030526846244,0,0,3.93700227678976,35.0585776938399,9.8649261659701,196,"Doncaster North","Doncaster North",NA
"Don Valley Co Const",14.0971272466352,34.339419135523,2.70308109779935,0,0,3.93682454841105,35.0587555228745,9.86479344856691,194,"Don Valley","Don Valley",NA
"Dover Co Const",24.483331,20.057324,4.558757,0,0,6.420275,39.248755,5.23156,201,"Dover","Dover",NA
"Dudley North Boro Const",22.1540972461523,25.9046987929851,2.19242143532777,0,0,4.35826228971206,38.3951114173228,6.99540981833052,204,"Dudley North","Dudley North",NA
"Dudley South Boro Const",22.154760907084,25.9034968932631,2.19243963161749,0,0,4.35833359310075,38.3956397964502,6.99533017837836,205,"Dudley South","Dudley South",NA
"Dulwich and West Norwood Boro Const",13.4237933169302,45.1925151629375,10.558129314557,0,0,14.2808695872001,9.3452282471957,7.1994628966943,206,"Dulwich and West Norwood","Dulwich and West Norwood",NA
"Dumfries and Galloway Co Const",33.119453,20.862703,4.233895,20.21872,0,5.662366,13.46978,2.433084,207,NA,"Dumfries and Galloway","Dumfries and Galloway"
"Dumfriesshire, Clydesdale and Tweeddale Co Const",28.3793422065511,21.4232524109115,6.64760980398122,22.3314860041738,0,6.11431548565122,12.7163624073956,2.38763205280945,208,NA,"Dumfriesshire, Clydesdale and Tweeddale","Dumfriesshire Clydesdale and Tweeddale"
"Dundee East Burgh Const",23.3144847827316,15.3606420486469,4.83861930270769,38.2183271533949,0,5.58272576375852,10.5654107718795,2.11978999989897,211,NA,"Dundee East","Dundee East"
"Dundee West Burgh Const",21.8149165206952,16.8715933787901,4.68954332769317,38.4897844115667,0,5.704400903935,10.3334554548444,2.09630571735511,212,NA,"Dundee West","Dundee West"
"Dunfermline and West Fife Co Const",13.601729,30.675938,8.685021,28.011266,0,6.522499,10.386874,2.116673,213,NA,"Dunfermline and West Fife","Dunfermline and West Fife"
"Dwyfor Meirionnydd Co Const",12.1228158734863,15.013234917853,2.32772252686123,0,43.4689306493275,4.82555754959966,19.7537896210757,2.48794686190311,217,"Dwyfor Meirionnydd","Dwyfor Meirionnydd",NA
"Ealing Central and Acton Boro Const",20.049315,45.575783,5.745764,0,0,7.341692,11.155763,10.131682,218,"Ealing Central and Acton","Ealing Central and Acton",NA
"Ealing North Boro Const",20.049315,45.575783,5.745764,0,0,7.341692,11.155763,10.131682,219,"Ealing North","Ealing North",NA
"Ealing, Southall Boro Const",20.049315643891,45.575781478316,5.74576373808168,0,0,7.34169178358733,11.1557644770227,10.1316818791013,220,"Ealing, Southall","Ealing, Southall",NA
"Easington Co Const",15.506189,39.417872,5.234619,0,0,5.545632,28.149794,6.145894,221,"Easington","Easington",NA
"Eastbourne Boro Const",28.1312113566704,9.3789992031848,13.9301317798667,0,0,7.06360196001468,36.5819928921417,4.91406319129942,225,"Eastbourne","Eastbourne",NA
"East Devon Co Const",32.9554750029363,9.37047643152344,7.53533031723275,0,0,12.2143264031981,35.0166520664622,2.90774072137466,189,"East Devon","East Devon",NA
"East Dunbartonshire Co Const",17.0859224163614,23.6821257780044,14.2294913103318,25.7562446461968,0,7.62023205879947,9.96580961171524,1.66017317859094,209,NA,"East Dunbartonshire","East Dunbartonshire"
"East Ham Boro Const",16.6048349657049,58.3700518151766,1.90584614255363,0,0,4.6193002654982,8.32518683982917,10.1747799712376,222,"East Ham","East Ham",NA
"East Hampshire Co Const",39.4383359658453,7.9407720065661,8.88104505547856,0,0,9.12470302455383,30.0606019545204,4.55454199303582,287,"East Hampshire","East Hampshire",NA
"East Kilbride, Strathaven and Lesmahagow Co Const",13.8078130016824,33.4678989986593,3.54581299372342,29.4901300187422,0,5.99087599358158,11.0155689943633,2.68189999924783,223,NA,"East Kilbride, Strathaven and Lesmahagow","East Kilbride Strathaven and Lesmahagow"
"Eastleigh Boro Const",24.2186670214499,9.77737288347311,19.8865456781647,0,0,6.5931713433973,34.9914361168961,4.53280495661906,226,"Eastleigh","Eastleigh",NA
"East Lothian Co Const",20.8817289027833,29.289079023987,5.70318999326335,24.3841920568534,0,8.09090600656108,9.91046100974798,1.7404440068039,224,NA,"East Lothian","East Lothian"
"East Renfrewshire Co Const",27.8437524023967,26.3891172366533,4.12272696140003,22.7230229401359,0,7.03050341602744,10.2084157028392,1.6824623403207,469,NA,"East Renfrewshire","East Renfrewshire"
"East Surrey Co Const",37.5501523378621,8.04696171748938,8.45044960661678,0,0,6.85326632943641,33.9375312402598,5.16163976833048,552,"East Surrey","East Surrey",NA
"East Worthing and Shoreham Co Const",28.4962604813458,13.9386189541341,6.96550782382687,0,0,8.52093576547673,36.2567911959324,5.82188701999078,638,"East Worthing and Shoreham","East Worthing and Shoreham",NA
"East Yorkshire Co Const",29.036418,15.298516,5.866206,0,0,6.733477,37.961144,5.104237,650,"East Yorkshire","East Yorkshire",NA
"Eddisbury Co Const",30.2684889383155,22.0461239355176,6.12552901092556,0,0.00055197224683473,7.39117447421385,29.9975896649226,4.17054200375639,227,"Eddisbury","Eddisbury",NA
"Edinburgh East Burgh Const",19.445993,23.11867,8.874696,23.092558,0,16.116306,7.757507,1.594269,228,NA,"Edinburgh East","Edinburgh East"
"Edinburgh North and Leith Burgh Const",19.445993,23.11867,8.874696,23.092558,0,16.116306,7.757507,1.594269,229,NA,"Edinburgh North and Leith","Edinburgh North and Leith"
"Edinburgh South Burgh Const",19.445993,23.11867,8.874696,23.092558,0,16.116306,7.757507,1.594269,230,NA,"Edinburgh South","Edinburgh South"
"Edinburgh South West Burgh Const",19.445993,23.11867,8.874696,23.092558,0,16.116306,7.757507,1.594269,231,NA,"Edinburgh South West","Edinburgh South West"
"Edinburgh West Burgh Const",19.4459928081885,23.1186702101846,8.87469586213316,23.0925582301545,0,16.1163057564448,7.75750710133966,1.59426903155475,232,NA,"Edinburgh West","Edinburgh West"
"Edmonton Boro Const",22.6142908572212,41.6312080198992,2.99543406378038,0,0,6.63561807063518,18.5135699601042,7.60988102835978,233,"Edmonton","Edmonton",NA
"Ellesmere Port and Neston Co Const",28.0923148893236,24.7940981360779,5.92440996609615,0,3.71561702895391e-08,7.29119299425227,29.8734269698913,4.02455700720262,234,"Ellesmere Port and Neston","Ellesmere Port and Neston",NA
"Elmet and Rothwell Co Const",18.7115424029094,32.684733678186,6.35271348594009,0,0,9.311356621447,27.358915932561,5.58073887895647,235,"Elmet and Rothwell","Elmet and Rothwell",NA
"Eltham Boro Const",16.0885217269083,40.5325107897796,4.05199401922364,0,0,8.61638089525209,20.9688326710685,9.74176089776784,236,"Eltham","Eltham",NA
"Enfield North Boro Const",22.6147027041427,41.6299448458976,2.99541592532028,0,0,6.63550590744237,18.5146376576309,7.60979495942587,237,"Enfield North","Enfield North",NA
"Enfield, Southgate Boro Const",22.614291,41.631208,2.995434,0,0,6.635618,18.51357,7.609881,238,"Enfield, Southgate","Enfield, Southgate",NA
"Epping Forest Co Const",31.2004154359558,11.3713307452352,4.9638366586187,0,0,6.68331522630342,40.2741025448031,5.50699838908374,239,"Epping Forest","Epping Forest",NA
"Epsom and Ewell Boro Const",34.102607410342,12.1452998191645,9.32303888459342,0,0,8.52440817010119,30.8456755559807,5.05897181841567,240,"Epsom and Ewell","Epsom and Ewell",NA
"Erewash Co Const",26.3754054141908,26.4924596965273,3.37740115599376,0,0,5.01618119962309,33.6535146192554,5.0850369144098,241,"Erewash","Erewash",NA
"Erith and Thamesmead Boro Const",22.2063528892662,28.0056401545031,2.96494722497388,0,0,5.98003454117989,31.4789036908805,9.36412123411392,242,"Erith and Thamesmead","Erith and Thamesmead",NA
"Esher and Walton Boro Const",43.1221395469348,10.3300355554226,9.09393544326305,0,0,8.05610558521026,24.6200257282652,4.77775714103397,243,"Esher and Walton","Esher and Walton",NA
"Exeter Boro Const",21.6827183805037,27.4584883737029,7.88774300214643,0,0,14.9867109026851,25.1521823376919,2.83215600327002,244,"Exeter","Exeter",NA
"Falkirk Co Const",11.8204969815596,30.2772171072411,2.5145629962721,33.7870669509695,0,5.98928599993109,12.7630919648617,2.84827699916503,245,NA,"Falkirk","Falkirk"
"Fareham Co Const",35.686568005043,8.63203899872243,8.89074103023268,0,0,7.41326301477854,33.9503869573912,5.42700399383213,246,"Fareham","Fareham",NA
"Faversham and Mid Kent Co Const",27.567806007409,12.4954039376805,8.68443422071463,0,0,6.56019126460939,39.2232493536432,5.46891586322666,247,"Faversham and Mid Kent","Faversham and Mid Kent",NA
"Feltham and Heston Boro Const",21.9236383387546,41.2864906997075,3.86870207351275,0,0,6.58423396005119,17.0267551048883,9.3101788230858,248,"Feltham and Heston","Feltham and Heston",NA
"Filton and Bradley Stoke Co Const",27.3564815877604,16.1425498456049,11.1402286926841,0,2.01936574523556e-07,7.93137371745159,33.913410041975,3.51595591258754,251,"Filton and Bradley Stoke","Filton and Bradley Stoke",NA
"Finchley and Golders Green Boro Const",34.483718,30.782233,4.726347,0,0,7.875818,15.018828,7.113055,252,"Finchley and Golders Green","Finchley and Golders Green",NA
"Folkestone and Hythe Co Const",27.3762238863775,10.4635660836354,5.07056050283613,0,0,8.91232267726865,42.5153799974943,5.66194602633402,253,"Folkestone and Hythe","Folkestone and Hythe",NA
"Forest of Dean Co Const",28.2106942171917,17.3033962670297,5.66892642733902,0,0.000453089144883324,10.6888562054069,34.8697411225818,3.25793276526906,254,"Forest of Dean","Forest of Dean",NA
"Fylde Co Const",34.2345762922619,14.9676453752265,4.24324809363686,0,0,7.55871958869732,32.8818241689204,6.11398748125692,256,"Fylde","Fylde",NA
"Gainsborough Co Const",31.2766236462919,13.1944568890539,8.86351349200937,0,0,5.36011614214644,36.7945684459388,4.5107204223347,257,"Gainsborough","Gainsborough",NA
"Garston and Halewood Boro Const",6.618416391168,53.6877927999992,4.08801604391574,0,0,8.64055792605117,21.6499537385827,5.31526377478297,258,"Garston and Halewood","Garston and Halewood",NA
"Gateshead Boro Const",15.984252,42.139108,2.843395,0,0,3.846603,30.027705,5.158938,259,"Gateshead","Gateshead",NA
"Gedling Co Const",24.7328245489811,26.6904156378912,3.90839715881621,0,0,6.11704811807221,34.2154365841693,4.33587795207003,260,"Gedling","Gedling",NA
"Gillingham and Rainham Boro Const",23.1071720150559,19.1210579777865,3.71730101974595,0,0,5.65889900263317,41.8810769871448,6.51449199763371,261,"Gillingham and Rainham","Gillingham and Rainham",NA
"Glasgow Central Burgh Const",8.47922267231026,35.2568844385497,2.95634218499791,29.1929110932784,0,11.8554691594721,9.75515639556445,2.50401305582755,262,NA,"Glasgow Central","Glasgow Central"
"Glasgow East Burgh Const",8.47929535051582,35.2685231844067,2.95316279114529,29.1969240876989,0,11.8392533746534,9.75755715532695,2.50528305867751,263,NA,"Glasgow East","Glasgow East"
"Glasgow North Burgh Const",8.48013609505795,35.2556543304713,2.95754060133424,29.1925456014064,0,11.8550206943321,9.75517839744596,2.50392327995214,264,NA,"Glasgow North","Glasgow North"
"Glasgow North East Burgh Const",8.48092394325968,35.254594789425,2.95857253336969,29.1922310126406,0,11.8546330050886,9.75519768045637,2.50384603576012,265,NA,"Glasgow North East","Glasgow North East"
